- position_x: -4.0307135581970215
  position_y: 3.6246204376220703
  position_z: 0
  orientation_x: 0
  orientation_y: 0
  orientation_z: -0.71474955920671457
  orientation_w: 0.69938048844231215
- position_x: -1.1295974254608154
  position_y: 8.1909453392028809
  position_z: 0
  orientation_x: 0
  orientation_y: 0
  orientation_z: 0.99980022537453972
  orientation_w: 0.0
- position_x: 6.9532320022583008
  position_y: 5.4707841873168945
  position_z: 0
  orientation_x: 0
  orientation_y: 0
  orientation_z: 0.70710678118654746
  orientation_w: 0.70710678118654757
- position_x: 3.1488158702850342
  position_y: -0.038404941558837891
  position_z: 0
  orientation_x: 0
  orientation_y: 0
  orientation_z: 0
  orientation_w: 1